{
    "length": 40.77224199288256,
    "str_em": 0,
    "str_hit": 0,
    "match": 81.49466192170819,
    "citation_rec": 0.0,
    "citation_prec": 0.0
}