{
    "length": 115.55054545454546,
    "str_em": 0,
    "str_hit": 0,
    "citation_rec": 3.4461824256364078,
    "citation_prec": 5.516250867373862,
    "cited_paper_numbers": 1.5832727272727272
}