{
    "length": 431.0234321157822,
    "str_em": 0,
    "str_hit": 0,
    "rougeL": 0.0,
    "rouge1": 0.0,
    "rouge2": 0.0,
    "citation_rec": 0.0,
    "citation_prec": 0.0,
    "cited_paper_numbers": 19.308752584424536
}