{
    "length": 411.14831804281346,
    "str_em": 0,
    "str_hit": 0,
    "rougeL": 0.0,
    "rouge1": 0.0,
    "rouge2": 0.0,
    "citation_rec": 0.0,
    "citation_prec": 0.0,
    "cited_paper_numbers": 17.004587155963304
}